0
0
0
0
0
0
0
0
0
0
0
0
0
0
0
0
0
0
0
0
0
0
0
0
0
0
0
0
0
0
0
0
0
0
0
0
0
0
0
0
0
0
0
0
0
0
0
0
0
0
0
0
0
0
0
0
0
0
0
0
0
0
0
0
0
0
0
0
0
0
0
0
0
0
0
0
0
0
0
0
0
0
0
0
0
0
0
0
0.011236
0.0222222
0.032967
0.0434783
0.0537634
0.0638298
0.0736842
0.0833333
0.0927835
0.102041
0.111111
0.12
0.128713
0.137255
0.145631
0.153846
0.161905
0.169811
0.17757
0.185185
0.192661
0.2
0.207207
0.214286
0.221239
0.22807
0.234783
0.241379
0.247863
0.254237
0.260504
0.266667
0.272727
0.278689
0.284553
0.290323
0.296
0.301587
0.307087
0.3125
0.317829
0.323077
0.328244
0.333333
0.338346
0.343284
0.348148
0.352941
0.357664
0.362319
0.366906
0.371429
0.375887
0.380282
0.384615
0.388889
0.393103
0.39726
0.401361
0.405405
0.409396
0.413333
0.417219
0.421053
0.424837
0.428571
0.432258
0.435897
0.43949
0.443038
0.446541
0.45
0.453416
0.45679
0.460123
0.463415
0.466667
0.46988
0.473054
0.47619
0.47929
0.482353
0.48538
0.488372
0.491329
0.494253
0.497143
0.5
0.502825
0.505618
0.50838
0.511111
0.513812
0.516484
0.519126
0.521739
0.524324
0.526882
0.529412
0.531915
0.534392
0.536842
0.539267
0.541667
0.544041
0.546392
0.548718
0.55102
0.553299
0.555556
0.557789
0.56
0.562189
0.564356
0.566502
0.568627
0.570732
0.572816
0.574879
0.576923
0.578947
0.580952
0.582938
0.584906
0.586854
0.588785
0.590698
0.592593
0.59447
0.59633
0.598173
0.6
0.60181
0.603604
0.605381
0.607143
0.608889
0.610619
0.612335
0.614035
0.615721
0.617391
0.619048
0.62069
0.622318
0.623932
0.625532
0.627119
0.628692
0.630252
0.631799
0.633333
0.634855
0.636364
0.63786
0.639344
0.640816
0.642276
0.643725
0.645161
0.646586
0.648
0.649402
0.650794
0.652174
0.653543
0.654902
0.65625
0.657588
0.658915
0.660232
0.661538
0.662835
0.664122
0.665399
0.666667
0.667925
0.669173
0.670412
0.671642
0.672862
0.674074
0.675277
0.676471
0.677656
0.678832
0.68
0.681159
0.68231
0.683453
0.684588
0.685714
0.686833
0.687943
0.689046
0.690141
0.691228
0.692308
0.69338
0.694444
0.695502
0.696552
0.697595
0.69863
0.699659
0.70068
0.701695
0.702703
0.703704
0.704698
0.705686
0.706667
0.707641
0.708609
0.709571
0.710526
0.711475
0.712418
0.713355
0.714286
0.71521
0.716129
0.717042
0.717949
0.71885
0.719745
0.720635
0.721519
0.722397
0.72327
0.724138
0.725
0.725857
0.726708
0.727554
0.728395
0.729231
0.730061
0.730887
0.731707
0.732523
0.733333
0.734139
0.73494
0.735736
0.736527
0.737313
0.738095
0.738872
0.739645
0.740413
0.741176
0.741935
0.74269
0.74344
0.744186
0.744928
0.745665
0.746398
0.747126
0.747851
0.748571
0.749288
0.75
0.750708
0.751412
0.752113
0.752809
0.753501
0.75419
0.754875
0.755556
0.756233
0.756906
0.757576
0.758242
0.758904
0.759563
0.760218
0.76087
0.761518
0.762162
0.762803
0.763441
0.764075
0.764706
0.765333
0.765957
0.766578
0.767196
0.76781
0.768421
0.769029
0.769634
0.770235
0.770833
0.771429
0.772021
0.77261
0.773196
0.773779
0.774359
0.774936
0.77551
0.776081
0.77665
0.777215
0.777778
0.778338
0.778894
0.779449
0.78
0.780549
0.781095
0.781638
0.782178
0.782716
0.783251
0.783784
0.784314
0.784841
0.785366
0.785888
0.786408
0.786925
0.78744
0.787952
0.788462
0.788969
0.789474
0.789976
0.790476
0.790974
0.791469
0.791962
0.792453
0.792941
0.793427
0.793911
0.794393
0.794872
0.795349
0.795824
0.796296
0.796767
0.797235
0.797701
0.798165
0.798627
0.799087
0.799544
0.8
0.800454
0.800905
0.801354
0.801802
0.802247
0.802691
0.803132
0.803571
0.804009
0.804444
0.804878
0.80531
0.80574
0.806167
0.806593
0.807018
0.80744
0.80786
0.808279
0.808696
0.809111
0.809524
0.809935
0.810345
0.810753
0.811159
0.811563
0.811966
0.812367
0.812766
0.813163
0.813559
0.813953
0.814346
0.814737
0.815126
0.815514
0.8159
0.816284
0.816667
0.817048
0.817427
0.817805
0.818182
0.818557
0.81893
0.819302
0.819672
0.820041
0.820408
0.820774
0.821138
0.821501
0.821862
0.822222
0.822581
0.822938
0.823293
0.823647
0.824
0.824351
0.824701
0.82505
0.825397
0.825743
0.826087
0.82643
0.826772
0.827112
0.827451
0.827789
0.828125
0.82846
0.828794
0.829126
0.829457
0.829787
0.830116
0.830443
0.830769
0.831094
0.831418
0.83174
0.832061
0.832381
0.8327
0.833017
0.833333
0.833648
0.833962
0.834275
0.834586
0.834897
0.835206
0.835514
0.835821
0.836127
0.836431
0.836735
0.837037
0.837338
0.837638
0.837937
0.838235
0.838532
0.838828
0.839122
0.839416
0.839709
0.84
0.84029
0.84058
0.840868
0.841155
0.841441
0.841727
0.842011
0.842294
0.842576
0.842857
0.843137
0.843416
0.843695
0.843972
0.844248
0.844523
0.844797
0.84507
0.845343
0.845614
0.845884
0.846154
0.846422
0.84669
0.846957
0.847222
0.847487
0.847751
0.848014
0.848276
0.848537
0.848797
0.849057
0.849315
0.849573
0.849829
0.850085
0.85034
0.850594
0.850847
0.8511
0.851351
0.851602
0.851852
0.852101
0.852349
0.852596
0.852843
0.853088
0.853333
0.853577
0.853821
0.854063
0.854305
0.854545
0.854786
0.855025
0.855263
0.855501
0.855738
0.855974
0.856209
0.856444
0.856678
0.856911
0.857143
0.857374
0.857605
0.857835
0.858065
0.858293
0.858521
0.858748
0.858974
0.8592
0.859425
0.859649
0.859873
0.860095
0.860317
0.860539
0.860759
0.860979
0.861199
0.861417
0.861635
0.861852
0.862069
0.862285
0.8625
0.862715
0.862928
0.863142
0.863354
0.863566
0.863777
0.863988
0.864198
0.864407
0.864615
0.864823
0.865031
0.865237
0.865443
0.865649
0.865854
0.866058
0.866261
0.866464
0.866667
0.866868
0.867069
0.86727
0.86747
0.867669
0.867868
0.868066
0.868263
0.86846
0.868657
0.868852
0.869048
0.869242
0.869436
0.86963
0.869823
0.870015
0.870206
0.870398
0.870588
0.870778
0.870968
0.871157
0.871345
0.871533
0.87172
0.871907
0.872093
0.872279
0.872464
0.872648
0.872832
0.873016
0.873199
0.873381
0.873563
0.873745
0.873926
0.874106
0.874286
0.874465
0.874644
0.874822
0.875
0.875177
0.875354
0.87553
0.875706
0.875882
0.876056
0.876231
0.876405
0.876578
0.876751
0.876923
0.877095
0.877266
0.877437
0.877608
0.877778
0.877947
0.878116
0.878285
0.878453
0.878621
0.878788
0.878955
0.879121
0.879287
0.879452
0.879617
0.879781
0.879945
0.880109
0.880272
0.880435
0.880597
0.880759
0.88092
0.881081
0.881242
0.881402
0.881561
0.88172
0.881879
0.882038
0.882195
0.882353
0.88251
0.882667
0.882823
0.882979
0.883134
0.883289
0.883444
0.883598
0.883752
0.883905
0.884058
0.884211
0.884363
0.884514
0.884666
0.884817
0.884967
0.885117
0.885267
0.885417
0.885566
0.885714
0.885863
0.88601
0.886158
0.886305
0.886452
0.886598
0.886744
0.886889
0.887035
0.887179
0.887324
0.887468
0.887612
0.887755
0.887898
0.888041
0.888183
0.888325
0.888466
0.888608
0.888748
0.888889
0.889029
0.889169
0.889308
0.889447
0.889586
0.889724
0.889862
0.89
0.890137
0.890274
0.890411
0.890547
0.890683
0.890819
0.890954
0.891089
0.891224
0.891358
0.891492
0.891626
0.891759
0.891892
0.892025
0.892157
0.892289
0.892421
0.892552
0.892683
0.892814
0.892944
0.893074
0.893204
0.893333
0.893462
0.893591
0.89372
0.893848
0.893976
0.894103
0.894231
0.894358
0.894484
0.894611
0.894737
0.894863
0.894988
0.895113
0.895238
0.895363
0.895487
0.895611
0.895735
0.895858
0.895981
0.896104
0.896226
0.896349
0.896471
0.896592
0.896714
0.896835
0.896955
0.897076
0.897196
0.897316
0.897436
0.897555
0.897674
0.897793
0.897912
0.89803
0.898148
0.898266
0.898383
0.898501
0.898618
0.898734
0.898851
0.898967
0.899083
0.899198
0.899314
0.899429
0.899543
0.899658
0.899772
0.899886
0.9
0.900114
0.900227
0.90034
0.900452
0.900565
0.900677
0.900789
0.900901
0.901012
0.901124
0.901235
0.901345
0.901456
0.901566
0.901676
0.901786
0.901895
0.902004
0.902113
0.902222
0.902331
0.902439
0.902547
0.902655
0.902762
0.90287
0.902977
0.903084
0.90319
0.903297
0.903403
0.903509
0.903614
0.90372
0.903825
0.90393
0.904035
0.904139
0.904244
0.904348
0.904452
0.904555
0.904659
0.904762
0.904865
0.904968
0.90507
0.905172
0.905275
0.905376
0.905478
0.905579
0.905681
0.905782
0.905882
0.905983
0.906083
0.906183
0.906283
0.906383
0.906482
0.906582
0.906681
0.90678
0.906878
0.906977
0.907075
0.907173
0.907271
0.907368
0.907466
0.907563
0.90766
0.907757
0.907853
0.90795
0.908046
0.908142
0.908238
0.908333
0.908429
0.908524
0.908619
0.908714
0.908808
0.908903
0.908997
0.909091
0.909185
0.909278
0.909372
0.909465
0.909558
0.909651
0.909744
0.909836
0.909928
0.91002
0.910112
0.910204
0.910296
0.910387
0.910478
0.910569
0.91066
0.910751
0.910841
0.910931
0.911021
0.911111
0.911201
0.91129
0.91138
0.911469
0.911558
0.911647
0.911735
0.911824
0.911912
0.912
0.912088
0.912176
0.912263
0.912351
0.912438
0.912525
0.912612
0.912698
0.912785
0.912871
0.912957
0.913043
0.913129
0.913215
0.913301
0.913386
0.913471
0.913556
0.913641
0.913725
0.91381
0.913894
0.913979
0.914062
0.914146
0.91423
0.914314
0.914397
0.91448
0.914563
0.914646
0.914729
0.914811
0.914894
0.914976
0.915058
0.91514
0.915222
0.915303
0.915385
0.915466
0.915547
0.915628
0.915709
0.915789
0.91587
0.91595
0.916031
0.916111
0.916191
0.91627
0.91635
0.916429
0.916509
0.916588
0.916667
0.916745
0.916824
0.916903
0.916981
0.917059
0.917138
0.917215
0.917293
0.917371
0.917448
0.917526
0.917603
0.91768
0.917757
0.917834
0.91791
0.917987
0.918063
0.91814
0.918216
0.918292
0.918367
0.918443
0.918519
0.918594
0.918669
0.918744
0.918819
0.918894
0.918969
0.919043
0.919118
0.919192
0.919266
0.91934
0.919414
0.919488
0.919561
0.919635
0.919708
0.919781
0.919854
0.919927
0.92
0.920073
0.920145
0.920218
0.92029
0.920362
0.920434
0.920506
0.920578
0.920649
0.920721
0.920792
0.920863
0.920934
0.921005
0.921076
0.921147
0.921218
0.921288
0.921358
0.921429
0.921499
0.921569
0.921638
0.921708
0.921778
0.921847
0.921917
0.921986
0.922055
0.922124
0.922193
0.922261
0.92233
0.922399
0.922467
0.922535
0.922603
0.922671
0.922739
0.922807
0.922875
0.922942
0.92301
0.923077
0.923144
0.923211
0.923278
0.923345
0.923412
0.923478
0.923545
0.923611
0.923677
0.923743
0.92381
0.923875
0.923941
0.924007
0.924073
0.924138
0.924203
0.924268
0.924334
0.924399
0.924464
0.924528
0.924593
0.924658
0.924722
0.924786
0.924851
0.924915
0.924979
0.925043
0.925106
0.92517
0.925234
0.925297
0.925361
0.925424
0.925487
0.92555
0.925613
0.925676
0.925738
0.925801
0.925864
0.925926
0.925988
0.92605
0.926113
0.926175
0.926236
0.926298
0.92636
0.926421
0.926483
0.926544
0.926606
0.926667
0.926728
0.926789
0.92685
0.92691
0.926971
0.927032
0.927092
0.927152
0.927213
0.927273
0.927333
0.927393
0.927453
0.927512
0.927572
0.927632
0.927691
0.92775
0.92781
0.927869
0.927928
0.927987
0.928046
0.928105
0.928163
0.928222
0.92828
0.928339
0.928397
0.928455
0.928513
0.928571
0.928629
0.928687
0.928745
0.928803
0.92886
0.928918
0.928975
0.929032
0.929089
0.929147
0.929204
0.92926
0.929317
0.929374
0.929431
0.929487
0.929544
0.9296
0.929656
0.929712
0.929769
0.929825
0.92988
0.929936
0.929992
0.930048
0.930103
0.930159
0.930214
0.930269
0.930325
0.93038
0.930435
0.93049
0.930545
0.930599
0.930654
0.930709
0.930763
0.930818
0.930872
0.930926
0.93098
0.931035
0.931089
0.931142
0.931196
0.93125
0.931304
0.931357
0.931411
0.931464
0.931517
0.931571
0.931624
0.931677
0.93173
0.931783
0.931836
0.931889
0.931941
0.931994
0.932046
0.932099
0.932151
0.932203
0.932256
0.932308
0.93236
0.932412
0.932464
0.932515
0.932567
0.932619
0.93267
0.932722
0.932773
0.932824
0.932876
0.932927
0.932978
0.933029
0.93308
0.933131
0.933181
0.933232
0.933283
0.933333
0.933384
0.933434
0.933484
0.933535
0.933585
0.933635
0.933685
0.933735
0.933785
0.933835
0.933884
0.933934
0.933984
0.934033
0.934082
0.934132
0.934181
0.93423
0.934279
0.934328
0.934377
0.934426
0.934475
0.934524
0.934573
0.934621
0.93467
0.934718
0.934766
0.934815
0.934863
0.934911
0.934959
0.935007
0.935055
0.935103
0.935151
0.935199
0.935247
0.935294
0.935342
0.935389
0.935437
0.935484
0.935531
0.935578
0.935625
0.935673
0.935719
0.935766
0.935813
0.93586
0.935907
0.935953
0.936
0.936047
0.936093
0.936139
0.936186
0.936232
0.936278
0.936324
0.93637
0.936416
0.936462
0.936508
0.936554
0.936599
0.936645
0.936691
0.936736
0.936782
0.936827
0.936872
0.936918
0.936963
0.937008
0.937053
0.937098
0.937143
0.937188
0.937233
0.937277
0.937322
0.937367
0.937411
0.937456
0.9375
0.937544
0.937589
0.937633
0.937677
0.937721
0.937765
0.937809
0.937853
0.937897
0.937941
0.937984
0.938028
0.938072
0.938115
0.938159
0.938202
0.938246
0.938289
0.938332
0.938375
0.938418
0.938462
0.938505
0.938547
0.93859
0.938633
0.938676
0.938719
0.938761
0.938804
0.938846
0.938889
0.938931
0.938974
0.939016
0.939058
0.9391
0.939142
0.939185
0.939227
0.939268
0.93931
0.939352
0.939394
0.939436
0.939477
0.939519
0.93956
0.939602
0.939643
0.939685
0.939726
0.939767
0.939808
0.93985
0.939891
0.939932
0.939973
0.940014
0.940054
0.940095
0.940136
0.940177
0.940217
0.940258
0.940298
0.940339
0.940379
0.94042
0.94046
0.9405
0.940541
0.940581
0.940621
0.940661
0.940701
0.940741
0.940781
0.94082
0.94086
0.9409
0.94094
0.940979
0.941019
0.941058
0.941098
0.941137
0.941176
0.941216
0.941255
0.941294
0.941333
0.941372
0.941411
0.94145
0.941489
0.941528
0.941567
0.941606
0.941645
0.941683
0.941722
0.94176
0.941799
0.941837
0.941876
0.941914
0.941953
0.941991
0.942029
0.942067
0.942105
0.942143
0.942181
0.942219
0.942257
0.942295
0.942333
0.942371
0.942408
0.942446
0.942484
0.942521
0.942559
0.942596
0.942634
0.942671
0.942708
0.942746
0.942783
0.94282
0.942857
0.942894
0.942931
0.942968
0.943005
0.943042
0.943079
0.943116
0.943152
0.943189
0.943226
0.943262
0.943299
0.943335
0.943372
0.943408
0.943445
0.943481
0.943517
0.943554
0.94359
0.943626
0.943662
0.943698
0.943734
0.94377
0.943806
0.943842
0.943878
0.943913
0.943949
0.943985
0.94402
0.944056
0.944091
0.944127
0.944162
0.944198
0.944233
0.944269
0.944304
0.944339
0.944374
0.944409
0.944444
0.944479
0.944515
0.944549
0.944584
0.944619
0.944654
0.944689
0.944724
0.944758
0.944793
0.944828
0.944862
0.944897
0.944931
0.944966
0.945
0.945034
0.945069
0.945103
0.945137
0.945171
0.945205
0.94524
0.945274
0.945308
0.945342
0.945376
0.945409
0.945443
0.945477
0.945511
0.945545
0.945578
0.945612
0.945645
0.945679
0.945713
0.945746
0.945779
0.945813
0.945846
0.945879
0.945913
0.945946
0.945979
0.946012
0.946045
0.946078
0.946111
0.946144
0.946177
0.94621
0.946243
0.946276
0.946309
0.946341
0.946374
0.946407
0.946439
0.946472
0.946505
0.946537
0.94657
0.946602
0.946634
0.946667
0.946699
0.946731
0.946763
0.946796
0.946828
0.94686
0.946892
0.946924
0.946956
0.946988
0.94702
0.947052
0.947084
0.947115
0.947147
0.947179
0.947211
0.947242
0.947274
0.947305
0.947337
0.947368
0.9474
0.947431
0.947463
0.947494
0.947525
0.947557
0.947588
0.947619
0.94765
0.947681
0.947712
0.947743
0.947774
0.947805
0.947836
0.947867
0.947898
0.947929
0.94796
0.947991
0.948021
0.948052
0.948083
0.948113
0.948144
0.948174
0.948205
0.948235
0.948266
0.948296
0.948326
0.948357
0.948387
0.948417
0.948448
0.948478
0.948508
0.948538
0.948568
0.948598
0.948628
0.948658
0.948688
0.948718
0.948748
0.948778
0.948807
0.948837
0.948867
0.948897
0.948926
0.948956
0.948986
0.949015
0.949045
0.949074
0.949104
0.949133
0.949162
0.949192
0.949221
0.94925
0.94928
0.949309
0.949338
0.949367
0.949396
0.949425
0.949454
0.949483
0.949512
0.949541
0.94957
0.949599
0.949628
0.949657
0.949686
0.949714
0.949743
0.949772
0.9498
0.949829
0.949858
0.949886
0.949915
0.949943
0.949972
0.95
0.950028
0.950057
0.950085
0.950113
0.950142
0.95017
0.950198
0.950226
0.950254
0.950283
0.950311
0.950339
0.950367
0.950395
0.950423
0.95045
0.950478
0.950506
0.950534
0.950562
0.95059
0.950617
0.950645
0.950673
0.9507
0.950728
0.950755
0.950783
0.95081
0.950838
0.950865
0.950893
0.95092
0.950948
0.950975
0.951002
0.951029
0.951057
0.951084
0.951111
0.951138
0.951165
0.951192
0.951219
0.951247
0.951274
0.951301
0.951327
0.951354
0.951381
0.951408
0.951435
0.951462
0.951488
0.951515
0.951542
0.951569
0.951595
0.951622
0.951648
0.951675
0.951701
0.951728
0.951754
0.951781
0.951807
0.951834
0.95186
0.951886
0.951913
0.951939
0.951965
0.951991
0.952017
0.952044
0.95207
0.952096
0.952122
0.952148
0.952174
0.9522
0.952226
0.952252
0.952278
0.952304
0.952329
0.952355
0.952381
0.952407
0.952432
0.952458
0.952484
0.952509
0.952535
0.952561
0.952586
0.952612
0.952637
0.952663
0.952688
0.952714
0.952739
0.952764
0.95279
0.952815
0.95284
0.952866
0.952891
0.952916
0.952941
0.952966
0.952991
0.953017
0.953042
0.953067
0.953092
0.953117
0.953142
0.953167
0.953192
0.953216
0.953241
0.953266
0.953291
0.953316
0.95334
0.953365
0.95339
0.953414
0.953439
0.953464
0.953488
0.953513
0.953537
0.953562
0.953587
0.953611
0.953635
0.95366
0.953684
0.953709
0.953733
0.953757
0.953781
0.953806
0.95383
0.953854
0.953878
0.953903
0.953927
0.953951
0.953975
0.953999
0.954023
0.954047
0.954071
0.954095
0.954119
0.954143
0.954167
0.954191
0.954214
0.954238
0.954262
0.954286
0.954309
0.954333
0.954357
0.954381
0.954404
0.954428
0.954451
0.954475
0.954498
0.954522
0.954545
0.954569
0.954592
0.954616
0.954639
0.954663
0.954686
0.954709
0.954733
0.954756
0.954779
0.954802
0.954825
0.954849
0.954872
0.954895
0.954918
0.954941
0.954964
0.954987
0.95501
0.955033
0.955056
0.955079
0.955102
0.955125
0.955148
0.955171
0.955193
0.955216
0.955239
0.955262
0.955285
0.955307
0.95533
0.955353
0.955375
0.955398
0.95542
0.955443
0.955466
0.955488
0.955511
0.955533
0.955556
0.955578
0.9556
0.955623
0.955645
0.955667
0.95569
0.955712
0.955734
0.955757
0.955779
0.955801
0.955823
0.955845
0.955868
0.95589
0.955912
0.955934
0.955956
0.955978
0.956
0.956022
0.956044
0.956066
0.956088
0.95611
0.956132
0.956153
0.956175
0.956197
0.956219
0.956241
0.956262
0.956284
0.956306
0.956328
0.956349
0.956371
0.956392
0.956414
0.956436
0.956457
0.956479
0.9565
0.956522
0.956543
0.956565
0.956586
0.956608
0.956629
0.95665
0.956672
0.956693
0.956714
0.956735
0.956757
0.956778
0.956799
0.95682
0.956842
0.956863
0.956884
0.956905
0.956926
0.956947
0.956968
0.956989
0.95701
0.957031
0.957052
0.957073
0.957094
0.957115
0.957136
0.957157
0.957178
0.957198
0.957219
0.95724
0.957261
0.957282
0.957302
0.957323
0.957344
0.957364
0.957385
0.957406
0.957426
0.957447
0.957467
0.957488
0.957508
0.957529
0.957549
0.95757
0.95759
0.957611
0.957631
0.957652
0.957672
0.957692
0.957713
0.957733
0.957753
0.957774
0.957794
0.957814
0.957834
0.957854
0.957875
0.957895
0.957915
0.957935
0.957955
0.957975
0.957995
0.958015
0.958035
0.958055
0.958075
0.958095
0.958115
0.958135
0.958155
0.958175
0.958195
0.958215
0.958234
0.958254
0.958274
0.958294
0.958314
0.958333
0.958353
0.958373
0.958392
0.958412
0.958432
0.958451
0.958471
0.958491
0.95851
0.95853
0.958549
0.958569
0.958588
0.958608
0.958627
0.958647
0.958666
0.958685
0.958705
0.958724
0.958744
0.958763
0.958782
0.958802
0.958821
0.95884
0.958859
0.958879
0.958898
0.958917
0.958936
0.958955
0.958974
0.958993
0.959013
0.959032
0.959051
0.95907
0.959089
0.959108
0.959127
0.959146
0.959165
0.959184
0.959203
0.959221
0.95924
0.959259
0.959278
0.959297
0.959316
0.959335
0.959353
0.959372
0.959391
0.95941
0.959428
0.959447
0.959466
0.959484
0.959503
0.959522
0.95954
0.959559
0.959577
0.959596
0.959615
0.959633
0.959652
0.95967
0.959688
0.959707
0.959725
0.959744
0.959762
0.959781
0.959799
0.959817
0.959836
0.959854
0.959872
0.959891
0.959909
0.959927
0.959945
0.959964
0.959982
0.96
0.960018
0.960036
0.960054
0.960073
0.960091
0.960109
0.960127
0.960145
0.960163
0.960181
0.960199
0.960217
0.960235
0.960253
0.960271
0.960289
0.960307
0.960325
0.960342
0.96036
0.960378
0.960396
0.960414
0.960432
0.960449
0.960467
0.960485
0.960503
0.96052
0.960538
0.960556
0.960573
0.960591
0.960609
0.960626
0.960644
0.960662
0.960679
0.960697
0.960714
0.960732
0.960749
0.960767
0.960784
0.960802
0.960819
0.960837
0.960854
0.960872
0.960889
0.960906
0.960924
0.960941
0.960958
0.960976
0.960993
0.96101
0.961027
0.961045
0.961062
0.961079
0.961096
0.961114
0.961131
0.961148
0.961165
0.961182
0.961199
0.961216
0.961233
0.961251
0.961268
0.961285
0.961302
0.961319
0.961336
0.961353
0.96137
0.961387
0.961403
0.96142
0.961437
0.961454
0.961471
0.961488
0.961505
0.961522
0.961538
0.961555
0.961572
0.961589
0.961606
0.961622
0.961639
0.961656
0.961672
0.961689
0.961706
0.961722
0.961739
0.961756
0.961772
0.961789
0.961806
0.961822
0.961839
0.961855
0.961872
0.961888
0.961905
0.961921
0.961938
0.961954
0.961971
0.961987
0.962003
0.96202
0.962036
0.962053
0.962069
0.962085
0.962102
0.962118
0.962134
0.962151
0.962167
0.962183
0.962199
0.962216
0.962232
0.962248
0.962264
0.96228
0.962296
0.962313
0.962329
0.962345
0.962361
0.962377
0.962393
0.962409
0.962425
0.962441
0.962457
0.962473
0.962489
0.962505
0.962521
0.962537
0.962553
0.962569
0.962585
0.962601
0.962617
0.962633
0.962649
0.962664
0.96268
0.962696
0.962712
0.962728
0.962743
0.962759
0.962775
0.962791
0.962806
0.962822
0.962838
0.962854
0.962869
0.962885
0.962901
0.962916
0.962932
0.962947
0.962963
0.962979
0.962994
0.96301
0.963025
0.963041
0.963056
0.963072
0.963087
0.963103
0.963118
0.963134
0.963149
0.963165
0.96318
0.963195
0.963211
0.963226
0.963241
0.963257
0.963272
0.963287
0.963303
0.963318
0.963333
0.963349
0.963364
0.963379
0.963394
0.96341
0.963425
0.96344
0.963455
0.96347
0.963485
0.963501
0.963516
0.963531
0.963546
0.963561
0.963576
0.963591
0.963606
0.963621
0.963636
0.963651
0.963666
0.963681
0.963696
0.963711
0.963726
0.963741
0.963756
0.963771
0.963786
0.963801
0.963816
0.963831
0.963846
0.96386
0.963875
0.96389
0.963905
0.96392
0.963934
0.963949
0.963964
0.963979
0.963993
0.964008
0.964023
0.964038
0.964052
0.964067
0.964082
0.964096
0.964111
0.964126
0.96414
0.964155
0.964169
0.964184
0.964199
0.964213
0.964228
0.964242
0.964257
0.964271
0.964286
0.9643
0.964315
0.964329
0.964344
0.964358
0.964372
0.964387
0.964401
0.964416
0.96443
0.964444
0.964459
0.964473
0.964487
0.964502
0.964516
0.96453
0.964545
0.964559
0.964573
0.964588
0.964602
0.964616
0.96463
0.964644
0.964659
0.964673
0.964687
0.964701
0.964715
0.964729
0.964744
0.964758
0.964772
0.964786
0.9648
0.964814
0.964828
0.964842
0.964856
0.96487
0.964884
0.964898
0.964912
0.964926
0.96494
0.964954
0.964968
0.964982
0.964996
0.96501
0.965024
0.965038
0.965052
0.965065
0.965079
0.965093
0.965107
0.965121
0.965135
0.965149
0.965162
0.965176
0.96519
0.965204
0.965217
0.965231
0.965245
0.965259
0.965272
0.965286
0.9653
0.965313
0.965327
0.965341
0.965354
0.965368
0.965382
0.965395
0.965409
0.965422
0.965436
0.96545
0.965463
0.965477
0.96549
0.965504
0.965517
0.965531
0.965544
0.965558
0.965571
0.965585
0.965598
0.965612
0.965625
0.965638
0.965652
0.965665
0.965679
0.965692
0.965705
0.965719
0.965732
0.965745
0.965759
0.965772
0.965785
0.965799
0.965812
0.965825
0.965838
0.965852
0.965865
0.965878
0.965891
0.965905
0.965918
0.965931
0.965944
0.965957
0.965971
0.965984
0.965997
0.96601
0.966023
0.966036
0.966049
0.966062
0.966076
0.966089
0.966102
0.966115
0.966128
0.966141
0.966154
0.966167
0.96618
0.966193
0.966206
0.966219
0.966232
0.966245
0.966258
0.966271
0.966284
0.966296
0.966309
0.966322
0.966335
0.966348
0.966361
0.966374
0.966387
0.966399
0.966412
0.966425
0.966438
0.966451
0.966463
0.966476
0.966489
0.966502
0.966514
0.966527
0.96654
0.966553
0.966565
0.966578
0.966591
0.966603
0.966616
0.966629
0.966641
0.966654
0.966667
0.966679
0.966692
0.966704
0.966717
0.96673
0.966742
0.966755
0.966767
0.96678
0.966792
0.966805
0.966817
0.96683
0.966842
0.966855
0.966867
0.96688
0.966892
0.966905
0.966917
0.96693
0.966942
0.966955
0.966967
0.966979
0.966992
0.967004
0.967017
0.967029
0.967041
0.967054
0.967066
0.967078
0.96709
0.967103
0.967115
0.967127
0.96714
0.967152
0.967164
0.967176
0.967189
0.967201
0.967213
0.967225
0.967238
0.96725
0.967262
0.967274
0.967286
0.967298
0.967311
0.967323
0.967335
0.967347
0.967359
0.967371
0.967383
0.967395
0.967407
0.967419
0.967432
0.967444
0.967456
0.967468
0.96748
0.967492
0.967504
0.967516
0.967528
0.96754
0.967552
0.967564
0.967576
0.967587
0.967599
0.967611
0.967623
0.967635
0.967647
0.967659
0.967671
0.967683
0.967695
0.967706
0.967718
0.96773
0.967742
0.967754
0.967766
0.967777
0.967789
0.967801
0.967813
0.967825
0.967836
0.967848
0.96786
0.967871
0.967883
0.967895
0.967907
0.967918
0.96793
0.967942
0.967953
0.967965
0.967977
0.967988
0.968
0.968012
0.968023
0.968035
0.968046
0.968058
0.96807
0.968081
0.968093
0.968104
0.968116
0.968127
0.968139
0.968151
0.968162
0.968174
0.968185
0.968197
0.968208
0.96822
0.968231
0.968243
0.968254
0.968265
0.968277
0.968288
0.9683
0.968311
0.968323
0.968334
0.968345
0.968357
0.968368
0.968379
0.968391
0.968402
0.968413
0.968425
0.968436
0.968447
0.968459
0.96847
0.968481
0.968493
0.968504
0.968515
0.968526
0.968538
0.968549
0.96856
0.968571
0.968583
0.968594
0.968605
0.968616
0.968627
0.968639
0.96865
0.968661
0.968672
0.968683
0.968694
0.968706
0.968717
0.968728
0.968739
0.96875
0.968761
0.968772
0.968783
0.968794
0.968805
0.968816
0.968827
0.968839
0.96885
0.968861
0.968872
0.968883
0.968894
0.968905
0.968916
0.968927
0.968938
0.968948
0.968959
0.96897
0.968981
0.968992
0.969003
0.969014
0.969025
0.969036
0.969047
0.969058
0.969069
0.969079
0.96909
0.969101
0.969112
0.969123
0.969134
0.969144
0.969155
0.969166
0.969177
0.969188
0.969198
0.969209
0.96922
0.969231
0.969241
0.969252
0.969263
0.969274
0.969284
0.969295
0.969306
0.969317
0.969327
0.969338
0.969349
0.969359
0.96937
0.969381
0.969391
0.969402
0.969413
0.969423
0.969434
0.969444
0.969455
0.969466
0.969476
0.969487
0.969497
0.969508
0.969519
0.969529
0.96954
0.96955
0.969561
0.969571
0.969582
0.969592
0.969603
0.969613
0.969624
0.969634
0.969645
0.969655
0.969666
0.969676
0.969687
0.969697
0.969707
0.969718
0.969728
0.969739
0.969749
0.969759
0.96977
0.96978
0.969791
0.969801
0.969811
0.969822
0.969832
0.969842
0.969853
0.969863
0.969873
0.969884
0.969894
0.969904
0.969915
0.969925
0.969935
0.969945
0.969956
0.969966
0.969976
0.969986
0.969997
0.970007
0.970017
0.970027
0.970037
0.970048
0.970058
0.970068
0.970078
0.970088
0.970099
0.970109
0.970119
0.970129
0.970139
0.970149
0.970159
0.970169
0.97018
0.97019
0.9702
0.97021
0.97022
0.97023
0.97024
0.97025
0.97026
0.97027
0.97028
0.97029
0.9703
0.97031
0.97032
0.97033
0.97034
0.97035
0.97036
0.97037
0.97038
0.97039
0.9704
0.97041
0.97042
0.97043
0.97044
0.97045
0.97046
0.97047
0.97048
0.97049
0.9705
0.970509
0.970519
0.970529
0.970539
0.970549
0.970559
0.970569
0.970578
0.970588
0.970598
0.970608
0.970618
0.970627
0.970637
0.970647
0.970657
0.970667
